void setup(){
  size(500,550);
}
void draw(){  
  fill(170,176,127);
  rect(201,270,119,120);
  fill(136,133,89);
  rect(201,330,40,20);
  rect(201,290,119,20);
  rect(280,330,40,20);
  fill(187,187,187);
  rect(201,310,20,20);
  rect(300,310,20,20);  
  fill(0,0,0);
  rect(280,310,20,20);
  rect(221,310,20,20);


  fill(146,102,146);
  rect(150,100,220,100);
  rect(150,200,50,80);
  rect(320,200,50,80);
  rect(200,400,120,75);
  rect(150,470,220,40);
  
  fill(110,75,110);
  rect(160,100,10,10);
  rect(180,100,10,10);
  rect(200,100,10,10);
  rect(220,100,10,10);
  rect(240,100,10,10);
  rect(260,100,10,10);
  rect(280,100,10,10);
  rect(300,100,10,10);
  rect(320,100,10,10);
  rect(340,100,10,10);
  rect(360,100,10,10);
  rect(150,110,10,10);
  rect(360,130,10,10);
  rect(360,150,10,10);
  rect(360,170,10,10);
  rect(360,190,10,10);
  rect(360,210,10,10);
  rect(360,230,10,10);
  rect(360,250,10,10);
  rect(360,270,10,10);
  rect(150,130,10,10);
  rect(150,150,10,10);
  rect(150,170,10,10);
  rect(150,190,10,10);
  rect(150,210,10,10);
  rect(150,230,10,10);
  rect(150,250,10,10);
  rect(150,270,10,10);
  rect(340,270,10,10);
  rect(360,500,10,10);
  rect(320,500,10,10);
  rect(280,500,10,10);
  rect(240,500,10,10);
  rect(180,500,10,10);
  rect(350,490,10,10);
  rect(330,490,10,10);
  rect(310,490,10,10);
  rect(290,490,10,10);
  rect(270,490,10,10);
  rect(250,490,10,10);
  rect(230,490,10,10);
  rect(210,490,10,10);
  rect(190,490,10,10);
  rect(170,490,10,10);
  rect(160,480,10,10);
  rect(200,480,10,10);
  rect(240,480,10,10);
  rect(280,480,10,10);
  rect(320,480,10,10);
  rect(360,480,10,10);
  rect(160,500,10,10);
  rect(180,500,10,10);
  rect(220,500,10,10);
  rect(200,500,10,10);
  rect(260,500,10,10);
  rect(300,500,10,10);
  rect(320,500,10,10);
  rect(340,500,10,10);

  
  fill(120,80,120);
  rect(350,270,10,10);
  rect(350,250,10,10);
  rect(350,230,10,10);
  rect(350,210,10,10);
  rect(350,190,10,10);
  rect(350,170,10,10);
  rect(350,150,10,10);
  rect(340,130,10,10);
  rect(340,160,10,10);
  rect(340,180,10,10);
  rect(340,200,10,10);
  rect(340,220,10,10);
  rect(340,240,10,10);
  rect(340,260,10,10);
  rect(160,260,10,10);
  rect(170,260,10,10);
  rect(160,250,10,10);
  rect(160,270,10,10);
  rect(170,240,10,10);
  rect(160,230,10,10);
  rect(170,220,10,10);
  rect(160,210,10,10);
  rect(170,200,10,10);
  rect(160,190,10,10);
  rect(170,180,10,10);
  rect(160,170,10,10);
  rect(170,160,10,10);
  rect(160,150,10,10);
  rect(170,140,10,10);
  rect(160,130,10,10);
  rect(150,490,10,10);
  rect(150,470,10,10);
  rect(150,470,10,10);
  rect(150,470,10,10);
  rect(150,470,10,10);
  rect(150,470,10,10);
  rect(150,470,10,10);
  rect(150,470,10,10);
  fill(124,102,129);
  
  rect(160,490,10,10);
  rect(170,480,10,10);
  rect(180,490,10,10);
  rect(190,480,10,10);
  rect(210,480,10,10);
  rect(220,490,10,10);
  rect(230,480,10,10);
  rect(250,480,10,10);
  rect(260,490,10,10);
  rect(270,480,10,10);
  rect(290,480,10,10);
  rect(310,480,10,10);
  rect(300,490,10,10);
  rect(330,480,10,10);
  rect(340,490,10,10);
  rect(350,480,10,10);
  
  fill(140,84,140);
  rect(160,470,10,10);
  rect(170,470,10,10);
  rect(180,470,10,10);
  rect(190,470,10,10);
  rect(200,470,10,10);
  rect(210,400,10,10);
  rect(220,400,10,10);
  rect(200,410,10,10);
  rect(200,420,10,10);
  rect(200,430,10,10);
  rect(200,440,10,10);
  rect(200,450,10,10);
  rect(200,460,10,10);
  rect(230,400,10,10);
  rect(240,400,10,10);
  rect(250,400,10,10);
  rect(260,400,10,10);
  rect(270,400,10,10);
  rect(280,400,10,10);
  rect(290,400,10,10);
  rect(300,400,10,10);
  rect(310,400,10,10);
  rect(310,410,10,10);
  rect(310,420,10,10);
  rect(310,430,10,10);
  rect(240,190,10,10);
  rect(210,190,10,10);
  rect(200,190,10,10);
  rect(190,190,10,10);
  rect(190,200,10,10);
  rect(190,250,10,10);
  rect(190,260,10,10);
  rect(190,270,10,10);
  rect(270,190,10,10);
  rect(280,190,10,10);
  rect(310,190,10,10);

  
  fill(127,84,126);
  rect(190,240,10,10);
  rect(190,220,10,10);
  rect(190,210,10,10);
  rect(190,230,10,10);
  rect(220,190,10,10);
  rect(250,190,10,10);
  rect(260,190,10,10);
  rect(230,190,10,10);
  rect(290,190,10,10);
  rect(300,190,10,10);
  
  fill(95,65,95);
  rect(150,100,10,10);
  rect(190,100,10,10);
  rect(230,100,10,10);
  rect(270,100,10,10);
  rect(310,100,10,10);
  rect(150,140,10,10);
  rect(150,180,10,10);
  rect(150,220,10,10);
  rect(360,220,10,10);
  rect(360,140,10,10);
  
  fill(99,70,99);
  noStroke();
  rect(170,110,10,10);
  rect(190,110,10,10);
  rect(210,110,10,10);
  rect(230,110,10,10);
  rect(250,110,10,10);
  rect(270,110,10,10);
  rect(290,110,10,10);
  rect(310,110,10,10);
  rect(330,110,10,10);
  rect(350,110,10,10);
  rect(160,120,10,10);
  rect(200,120,10,10);
  rect(180,120,10,10);
  rect(220,120,10,10);
  rect(240,120,10,10);
  rect(260,120,10,10);
  rect(280,120,10,10);
  rect(300,120,10,10);
  rect(320,120,10,10);
  rect(340,120,10,10);
  rect(360,120,10,10);
  rect(170,130,10,10);
  rect(170,150,10,10);
  rect(170,170,10,10);
  rect(170,190,10,10);
  rect(170,210,10,10);
  rect(170,230,10,10);
  rect(170,250,10,10);
  rect(170,270,10,10);
  rect(160,140,10,10);
  rect(160,160,10,10);
  rect(160,180,10,10);
  rect(160,180,10,10);
  rect(160,220,10,10);
  rect(160,240,10,10);
  rect(160,260,10,10);
  rect(350,260,10,10);
  rect(350,240,10,10);
  rect(350,220,10,10);
  rect(350,180,10,10);
  rect(350,160,10,10);
  rect(350,140,10,10);
  rect(350,200,10,10);
  rect(340,190,10,10);
  rect(340,150,10,10);
  rect(340,230,10,10);
  rect(160,200,10,10);




  fill(87,62,87);
  rect(160,110,10,10);
  rect(180,110,10,10);
  rect(200,110,10,10);
  rect(220,110,10,10);
  rect(240,110,10,10);
  rect(260,110,10,10);
  rect(280,110,10,10);
  rect(300,110,10,10);
  rect(320,110,10,10);
  rect(340,110,10,10);
  rect(360,110,10,10);
  rect(350,120,10,10);
  rect(310,120,10,10);
  rect(270,120,10,10);
  rect(230,120,10,10);
  rect(190,120,10,10);



}
